decision logAST debtRatio debtRatio2 ProfibilityRatio VentureDummy underwriterRating logRevenue DebtPaymentDummy logMarket NASDAQ30dayReturn logNumIPOS
0 2.896243 0.3106153 -0.07886888 -0.07886888 0 4.5 3.30465 0 15.92572 -0.0263 2.70805
0 3.492834 0.1377093 0.04644004 0.06992938 0 8.88 3.060434 1 16.52356 0.0474 2.564949
0 4.880762 0.5805391 0.02549893 0.02549893 0 8.88 3.964938 1 17.00186 -0.0203 3.135494
0 5.060187 0.4438206 0.04583809 0.07394366 0 8.75 4.165828 1 17.66353 -0.0525 3.135494
0 5.65351 0.6866428 -0.00961194 -0.0961194 0 8.88 4.672829 1 17.88454 -0.1476 2.564949
0 5.288252 0.1879523 0.01970737 0.03289444 0 8.83 4.438537 1 18.40048 -0.0963 2.564949
0 3.000156 0.2305863 0.03359699 0.04972364 0 6.25 2.654665 1 16.21568 -0.052 2.564949
0 4.161692 0.4516516 -0.01659396 -0.01869741 0 8.75 4.187243 1 16.96825 -0.117 2.564949
0 5.567352 0.5380874 0.01927485 0.03570337 0 8.83 4.527133 1 17.70733 -0.1053 2.397895
0 4.338623 0.2140414 0.07921464 0.1320331 0 8.88 4.112839 1 17.47907 0.0084 2.197225
0 5.17795 0.2417169 -0.004353735 -0.006491126 0 8.75 3.129214 1 18.133 0.0424 2.197225
0 5.530797 0.1532148 -0.03024431 -0.03024431 0 8.83 4.046239 1 18.09218 0.0084 2.197225
0 5.74439 0.1977153 0.004080875 0.003657018 0 9 4.142897 1 18.41265 0.0602 2.079442
0 3.239031 0.003724176 0.07722765 0.1288957 0 7.88 3.005534 0 16.68341 0.001 3.091042
0 5.42839 0.8221296 -0.1038832 -0.1038832 0 9 4.000063 1 18.14097 0.0109 3.091042
0 5.145114 0.4075738 -0.01832847 -0.01832847 0 9 6.324527 1 17.63322 -0.0061 3.178054
0 6.22994 0.4169816 -0.02736915 -0.02736915 0 9 7.185785 1 18.48459 0.0314 2.484907
0 1.993520 0.4284579 0.05777524 0.04442616 0 8 1.210047 1 14.91412 -0.0342 3.135494
0 4.722571 0.4342104 0.03644949 0.03644949 0 8.75 5.176116 1 17.31655 0.0187 3.433987
0 7.412797 0.007001578 0.03014384 0.05031517 0 7.5 7.685896 0 19.96824 0.0166 3.433987
0 5.712204 0.3453363 -0.02007358 -0.02007358 0 8.75 6.53223 1 18.53846 -0.022 3.178054
0 3.438493 0.1670178 0.02428311 0.04017906 0 8.75 3.773979 1 16.61157 -0.0116 3.178054
0 5.022906 0.3174538 0.04325923 0.07123383 0 7.75 4.354989 1 17.31202 -0.0448 3.178054
0 3.429345 0.1658310 0.05570965 0.08973853 0 8.88 3.630588 1 16.67771 -0.0075 3.044522
0 4.595675 0.5303417 0.0447832 0.0447832 0 8.63 2.601430 1 17.02231 0.1001 3.044522
0 5.905645 0.8200401 -0.03685877 -0.03685877 0 7.75 5.547495 1 16.21341 0.1001 3.044522
0 4.748812 0 0.0234913 0.06051262 0 8.88 4.802019 0 17.46617 0.0819 3.496508
0 3.721564 0.1384984 0.08069394 0.09121924 0 7 3.55669 0 17.03439 -0.0157 3.367296
0 4.29497 0.1891722 0.0947634 0.0976408 0 7.5 4.814693 1 17.19565 -0.0127 3.367296
0 4.524524 0.4763415 0.02218922 0.03702335 0 8.75 4.46689 1 17.04631 -0.011 3.367296
0 4.540226 0.1238902 0.07651101 0.1258750 0 8.83 5.038192 1 16.85046 -0.0213 3.688879
0 4.380463 0.1513239 0.04738654 0.07484194 0 8.88 4.693959 1 17.04235 0.017 4.248495
0 3.499231 0.09776428 0.04439408 0.06767274 0 8.88 3.508200 0 16.82859 0.017 4.248495
0 3.664356 0.384438 0.0286439 0.03115472 0 7.13 2.648937 0 16.81124 0.0139 4.248495
0 5.786989 0.0187038 0.03339877 0.05563598 0 8.5 5.613186 0 18.99547 0.0124 4.248495
0 5.787256 0.3004229 0.01263964 0.02059997 0 7.5 5.28436 1 18.12899 0.0209 4.248495
0 5.556287 0.2952368 -0.001278683 -0.000301321 0 8.75 6.492203 1 18.13832 0.0139 4.248495
0 3.154043 0.0720852 0.02383852 0.04472552 0 6.25 3.239073 1 16.34124 0.0043 3.737670
0 3.181225 0.1553328 0.04794149 0.04470731 0 0 2.616288 0 16.70588 -0.0055 3.737670
0 4.154122 0.4524146 0.0294681 0.0294681 0 8 4.354219 1 17.03439 -1e-04 3.737670
0 3.399058 0.4143847 0.02030185 0.03224705 0 6.25 3.360977 1 16.61887 0.0043 3.737670
0 4.007260 0.1322460 0.06516838 0.1120991 0 8.75 4.102362 0 17.29367 0.0269 3.737670
0 4.452513 0.5018616 0.02969753 0.02876022 0 7.38 4.732549 1 16.86003 -0.0299 3.332205
0 3.300530 0.4401519 0.00678291 0.006930365 0 3.33 3.63756 1 15.78262 -0.0316 3.332205
0 3.98209 0.1863730 0.02252513 0.02289806 0 8.88 2.777452 1 17.12970 -0.0381 3.332205
0 2.226817 0.1521867 -0.1992172 -0.1992172 0 5.17 -0.1867755 0 15.85673 -0.0289 3.332205
0 2.204524 0.3817862 0.007457366 0.007457366 0 3 1.446570 1 15.52026 -0.0102 3.332205
0 4.050428 0.2426422 0.04827418 0.07709589 0 8.83 4.024065 1 17.00186 -0.011 3.332205
0 3.664394 0.373612 0.03945717 0.06374464 0 7 3.248703 1 17.18694 -0.035 3.332205
0 5.954079 0.5668532 0.005135964 0.01081952 0 8.75 5.160371 1 18.47659 -0.0316 3.332205
0 3.909755 0.5388342 0.01672484 0.02787474 0 0 4.326115 1 16.52356 -5e-04 3.637586
0 5.320886 0.3495222 0.03607166 0.05726786 0 8.75 5.427506 1 17.37656 0.0602 3.637586
0 3.220715 0.3118658 0.02053911 0.03209284 0 8.75 2.706042 1 16.4456 0.0012 3.637586
0 3.434893 0.03027031 -0.07638517 -0.07638517 0 8.75 0.2231924 0 17.21671 0.0056 3.637586
0 4.348858 0.3963432 0.04182711 0.06964724 0 7.38 4.202765 1 17.0983 0.0107 3.637586
0 5.28806 0.5859446 -0.01469496 -0.01682672 0 7.88 4.896159 1 17.80911 0.0061 3.637586
0 5.103822 0.2291224 -0.01910112 -0.0262314 0 8.83 4.799338 1 18.133 0.0061 3.637586
0 4.67437 0.1715952 0.1819811 0.2811459 0 8.5 4.976078 1 17.95865 0.0107 3.637586
0 2.022739 0.09406006 -0.0645588 -0.0611192 0 0 -0.3495575 0 15.68731 -0.0063 2.484907
0 4.186863 0.1856691 0.02882278 0.04647806 0 7.38 3.876893 1 17.37086 -0.0063 2.484907
0 2.854650 0.2603010 0.01612289 0.01980862 0 0 3.088796 1 15.42495 -0.0086 2.484907
0 4.558693 0.1721477 0.03203728 0.05240213 0 9 4.617305 1 17.7355 -0.001 3.091042
0 1.262168 0 -0.0849609 -0.0849609 0 2 -6.834505 0 14.84513 -0.0042 3.091042
0 3.951833 0.009936454 0.06700576 0.1080585 0 7.88 4.088666 0 17.47907 0.0037 3.091042
0 4.126610 0.2794208 0.03584674 0.03747219 0 9 3.878596 1 17.21671 -0.0104 3.091042
0 3.61048 1.083499 -0.1401013 -0.1401013 0 0 2.508343 1 16.75467 9e-04 2.833213
0 2.404408 0 0.01117507 0.01673538 0 3.33 1.426866 0 16.09789 0.0255 3.258097
0 1.251686 0 0.08853383 0.1513308 0 4 1.530160 0 14.22098 0.054 2.564949
0 2.358577 0.141832 0.05510041 0.09273317 0 0 1.669686 1 15.42495 -0.0525 3.135494
0 1.329949 0 -0.000527659 -0.000527659 0 0 -4.78 0 14.56928 -0.0812 2.397895
0 5.510889 0.3226934 -0.02213275 -0.01838534 0 8.75 3.813793 0 18.133 0.0712 2.079442
0 1.403126 0.2312175 -0.04882842 -0.04882842 0 0 0.5434957 0 14.91412 0.1119 1.098612
0 4.802138 0.2956381 -0.005099757 -0.005099757 0 8.75 6.311394 1 17.53182 -0.001 3.091042
0 2.023764 0.01262801 0.08545265 0.1712226 0 0 1.673165 0 15.39963 -0.0194 3.091042
0 4.221883 0.1932854 0.07787362 0.07787362 0 9 3.89447 1 16.88820 -0.0321 3.433987
0 3.471013 0.1835912 0.01858915 0.03738402 0 4.5 3.488292 0 16.52356 0.0314 2.484907
0 3.632026 0.03307814 0.001429082 0.01790515 0 8.88 3.384236 0 17.00186 0.0209 4.248495
0 3.312385 0.2615771 -0.06692839 -0.06692839 0 5 2.835954 1 16.30042 0.0073 3.737670
0 4.245835 0.1905921 0.02954995 0.04672415 0 7.38 5.208125 1 16.81224 -0.0315 3.332205
0 2.912462 0.4478788 0.1055891 0.1090011 0 1 2.354813 0 15.60727 0.0056 3.637586
0 3.746016 0.005879297 0.1181290 0.2051615 1 8.75 3.569364 0 17.14772 0.0199 2.397895
0 2.550304 0 0.05349551 0.05346967 1 6 2.173308 1 15.85673 0.037 2.564949
0 4.212742 0.1459991 -0.006322039 -0.006322039 1 8.75 3.40243 0 17.22082 -0.1 2.397895
0 3.501992 0 0.1484864 0.2438512 1 8.88 3.168523 0 16.82675 -0.0521 2.397895
0 2.430347 0.1301465 -0.1579116 -0.1579116 1 7.63 0.06790815 0 16.15732 -0.0303 2.197225
0 4.338976 0.1815892 0.1040598 0.1109893 1 8.75 3.834083 0 17.12970 -0.0118 3.433987
0 3.770183 0 0.0475938 0.06015488 1 5.5 2.902685 0 16.86003 -0.0219 3.044522
0 3.737681 0.005407724 -0.00509037 -0.00509037 1 8.88 1.291679 0 17.41965 -0.0235 3.367296
0 4.026457 0.3614573 0.00845893 0.008676546 1 8.75 3.530215 1 17.22501 -0.0231 3.688879
0 3.810433 0.03314147 -0.08259907 -0.08259907 1 8.83 0.7246458 0 17.12970 -0.0143 3.688879
0 3.509783 0.09102599 -0.2299871 -0.2299871 1 8.5 1.234308 0 16.99356 -0.0298 3.688879
0 3.282939 0.02756247 -0.1174308 -0.1174421 1 8.88 -0.1075852 0 16.88820 0.009 4.248495
0 3.39439 0.0727734 0.06045845 0.03515343 1 8.5 2.945 0 16.90655 0.0317 4.248495
0 3.983748 0 0.0001861573 0.0001861573 1 7.5 2.915119 0 17.29675 0.0261 4.248495
0 4.981634 0.5504109 -0.01765963 -0.01765963 1 7.38 -0.4334156 1 17.47907 0.0173 4.248495
0 3.095940 0.01510268 -0.09412882 -0.09412882 1 7 0.9098702 0 16.70588 0.0168 4.248495
0 3.975611 0 -0.03369300 -0.03369300 1 9 -0.627972 0 17.37086 0.0131 4.248495
0 4.112708 0.09850766 0.01849064 0.05488284 1 8.88 4.427131 1 16.99356 -1e-04 3.737670
0 3.660002 0.006340144 -0.07281947 -0.07281947 1 8.83 -1.591181 0 16.81124 0.0369 3.737670
0 3.429202 0.01484507 -0.1279009 -0.1279009 1 9 1.493353 0 16.90655 0.0145 3.737670
0 5.278298 0.4895172 -0.05610194 -0.05610194 1 9 4.97283 1 17.66139 0.0263 3.737670
0 2.723498 0.007573825 -0.1720703 -0.1720703 1 6 -2.255396 0 16.47577 0.0269 3.737670
0 3.626278 0.08056379 0.02994194 0.02995006 1 8.63 3.11538 1 17.12970 0.0269 3.737670
0 2.904768 0.1095230 -0.007730738 -0.007760309 1 5 1.848992 0 16.45457 -0.011 3.332205
0 4.286341 0.634099 -0.04928473 -0.04928473 1 8.83 4.611619 1 17.68671 0.0012 3.637586
0 3.493169 0.03471462 -0.254906 -0.254906 1 8.75 0.9716058 0 16.96825 0.0261 4.248495
0 4.642784 0.5411382 -0.05503067 -0.05503067 1 8.83 4.219361 1 17.43182 0.0261 4.248495
0 3.64652 0.1140033 -0.2700019 -0.2700019 1 8.75 -4.618559 0 17.37656 0.0261 4.248495
0 3.581781 0.2584219 0.01507540 0.028542 1 5 2.519715 1 16.81124 0.0083 4.248495
1 1.546924 0.1490313 0.02129019 0.02129019 0 6 1.648659 0 14.91312 -0.0667 2.397895
1 2.00148 0.3648649 0.01351351 0.0945946 0 6 1.740466 1 14.69098 -0.0152 2.397895
1 1.573811 0.3108808 0.1036269 0.2072539 0 6 2.406945 1 14.52108 0.0531 1.791759
1 4.546481 0.1611877 0.05302227 0.1039236 0 8.75 4.602166 0 17.27498 0.0272 2.70805
1 5.632644 0.1352899 0.05082319 0.0948461 0 8.75 6.228905 1 17.39903 -0.0054 2.70805
1 2.208274 0.03296703 0.2087912 0.3296703 0 5.63 1.960095 0 15.53828 -0.0176 2.70805
1 5.400874 0.2694043 0.02842960 0.1087545 0 8.75 6.40589 1 17.21671 0.009301138 2.70805
1 3.359507 0.1772372 0.04170287 0.1042572 0 8.88 2.493205 0 16.62341 0.0375 2.70805
1 3.065725 0.00932401 0.07459207 0.1351981 0 7.63 3.543854 1 16.04013 0.0272 2.70805
1 3.157000 0.03829787 0.05957447 0.09361702 0 5.63 4.000034 0 15.65606 0.1128 2.564949
1 3.346389 0.4647887 0.02464789 0.06690141 0 3.33 2.424803 0 15.89495 0.1108196 2.564949
1 5.051137 1.587708 0.03777209 0.08002561 0 8.88 4.85203 1 17.50439 0.037 2.564949
1 4.515245 0.03938731 0.1367615 0.2549234 0 8.75 4.933034 1 17.37656 0.0156 2.833213
1 2.905534 0.005471956 0.09302326 0.1313269 0 5.5 3.025291 0 16.13544 0.0011 2.833213
1 4.07244 0.06303237 0.01703578 0.04429302 0 8.83 4.058717 0 17.35647 -0.0054 2.833213
1 4.054347 0.04163233 0.0711219 0.1335704 0 7.88 3.7281 1 16.61568 0.085 2.833213
1 2.908266 0.09276944 0.07094134 0.1255116 0 8.88 2.541602 1 16.18809 0.0143 2.833213
1 4.670021 0.4029991 0.0393627 0.1265230 0 8.88 4.872905 1 16.80119 0.0156 2.833213
1 1.470176 0.04597701 0.04597701 0.09195402 0 0 1.360977 0 14.99417 0.0367 2.833213
1 2.476538 0.1008403 0.01680672 0.05882353 0 0 2.140066 0 15.52026 -0.0054 2.833213
1 2.163323 0.01149425 -0.04597701 -0.02298851 0 4.5 1.609438 0 15.42495 -0.0314 3.135494
1 3.632309 0.3068783 0.04497354 0.1058201 0 5.13 3.747148 0 16.30042 -0.0087 3.135494
1 3.601413 0.04638472 0.01637108 0.04638472 0 8.88 3.586293 1 16.65166 0.0214 3.135494
1 3.493473 0.01823708 0.003039514 0.003039514 0 0 1.458615 0 17.21671 -0.0282 3.135494
1 3.417727 0.006557377 0.05901639 0.09508197 0 5.67 3.104587 0 16.06680 -0.125 2.564949
1 4.865224 0.1156515 0.09020817 0.1842714 0 9 5.603225 0 16.99356 -0.0993 2.564949
1 3.870159 0.1626694 0.09176225 0.1459854 0 9 3.583519 0 16.82367 -0.1476 2.564949
1 4.809742 0.2738386 -0.03911980 0.007334963 0 9 4.191169 0 17.5997 -0.1132 2.397895
1 3.960813 0.1276190 0.05333333 0.1009524 0 5.75 3.637586 1 16.67771 -0.0486 2.397895
1 3.348148 0.2038664 0.0456942 0.1195079 0 6 3.608212 1 16.19968 -0.0458 2.197225
1 1.722767 0.1607142 0.07142855 0.1428571 0 0 1.704748 0 14.73180 0.0713 2.079442
1 3.529297 0.1436950 0.1671554 0.2023460 0 5.88 3.580737 1 16.45457 0.049 2.079442
1 3.306887 0.1062271 0.03296703 0.04395604 0 8.88 2.00148 0 16.92903 0.0266 2.302585
1 3.015535 0.004901961 0.06372549 0.1029412 0 7.88 2.714695 0 16.30042 0.0184 2.302585
1 3.311455 0.1458523 0.06927985 0.1093892 0 7.38 3.277145 0 16.07987 0.0312 3.091042
1 3.951244 0.1384615 0.03846154 0.07884615 0 8.75 4.300003 1 16.88820 4e-04 3.091042
1 5.422612 0.5899236 0.01192211 0.02516890 0 8.83 4.215086 0 17.01704 0.0268 3.091042
1 2.714695 0.1390728 0.06622517 0.1390728 0 6.5 2.839078 0 15.42495 0.0368 3.091042
1 6.222775 0.3596509 0.05256893 0.1325134 0 8.88 6.342473 1 18.52053 0.0185 3.091042
1 5.053056 0.2261981 0.03322684 0.1137380 0 8.63 4.982921 1 17.47907 -0.0082 3.091042
1 3.294911 0.003707136 0.06672845 0.1186284 0 6 3.941582 1 16.20198 0.0109 3.091042
1 5.184645 0.3635651 -0.01232424 0.07898717 0 7.75 5.612398 1 17.68275 0.0049 3.091042
1 5.528238 0.1283274 0.06674613 0.1501788 0 9 6.323104 1 17.90986 0.0054 3.091042
1 4.766438 0.07148936 0.04851064 0.07744681 0 9 4.445001 1 17.76675 0.004 3.091042
1 5.52306 0.4041534 0.02955272 0.1038339 0 9 4.784989 1 17.21671 0.0049 3.091042
1 7.131699 0.8322142 0.01782574 0.06506795 0 8.75 5.434159 0 18.25344 -0.0321 3.433987
1 3.78646 0.02267574 0.0521542 0.08163265 0 5.17 3.310543 0 17.12240 -0.0321 3.433987
1 2.122262 0.2634731 0.02395210 0.05988024 0 0 3.310543 0 14.82711 -0.0066 3.433987
1 4.619073 0.1568047 0.02366864 0.0581854 0 8.75 4.740575 1 17.31202 0.003 3.433987
1 4.312141 0.06300268 0.0536193 0.09919571 0 8.75 5.154447 0 17.31202 -0.0135 3.433987
1 4.418841 0.09759036 0.09638554 0.1963855 0 7.88 4.859037 0 17.08887 0.0028 3.433987
1 4.074142 0.2585034 0.04931973 0.1122449 0 5.88 3.475067 1 16.70588 -0.04397153 3.433987
1 4.001864 0.0786106 0.04936015 0.09323583 0 8.63 4.22391 1 16.86003 0.0047 3.433987
1 4.835488 0.05242256 0.03891978 0.09849087 0 8.63 5.381739 1 17.63322 0.0364 3.178054
1 4.063885 0.2628866 -0.01718213 0.01890034 0 3.33 3.627004 1 16.61887 -0.002 3.178054
1 3.675288 0.4865687 -0.01013685 0.1089711 0 4.5 3.186353 1 15.6965 -0.0061 3.178054
1 5.346155 0.01429933 0.006196378 0.0042898 0 8.75 6.421785 0 18.19754 0 3.178054
1 5.56968 0.3948923 0.007623404 0.06975415 0 8.75 6.714656 1 17.36081 0.0364 3.178054
1 3.94956 0.05778955 0.07897905 0.1309896 0 8.75 3.484312 0 17.36836 -0.0213 3.178054
1 5.240158 0.1822999 0.07525172 0.1261261 0 7 5.125154 0 17.62217 0.0328 2.484907
1 4.424847 0.05508982 0.09101796 0.1377246 0 9 3.925926 0 17.65496 0.0328 2.484907
1 4.530447 0.007543103 0.04849138 0.07974138 0 8.88 4.420045 1 17.43985 0.0314 2.484907
1 2.862201 0.02857143 0.01714286 0.04 0 5.5 3.94739 0 15.84366 -0.0252 3.135494
1 6.76185 0.2498149 0.0188605 0.0525317 0 8.88 6.044768 0 19.04737 -0.0252 3.135494
1 1.452784 0.1169591 -0.09356725 -0.07017544 0 1.5 -0.2231436 0 15.08948 0.0049 3.135494
1 1.757858 0.01724138 0.0862069 0.1379310 0 2 1.435085 0 15.20180 -0.0433 3.135494
1 2.731115 0.534202 0.02605863 0.0781759 0 0 1.223775 0 15.16358 -0.0318 3.135494
1 4.069027 0.1111111 0.06837607 0.0974359 0 9 3.725693 0 17.21671 0.0061 3.433987
1 5.770818 0.4208229 0.02587282 0.0888404 0 8.83 4.309456 1 18.06401 0.0166 3.433987
1 3.015535 0.1715686 0.08333333 0.1372549 0 5.63 3.148453 1 15.83041 0.0148 3.433987
1 3.688879 0.03 0.095 0.115 0 8.5 3.549617 0 16.95534 0.0177 3.433987
1 5.133443 0.03537736 0.03419811 0.07429245 0 9 5.742041 1 17.55318 -0.0081 3.433987
1 4.560173 0.3106695 0.00209205 0.08577406 0 8.83 5.378052 1 17.20666 0.0088 3.433987
1 4.070735 0.001706485 0.1262799 0.2269625 0 6 4.242765 0 16.52356 0.0024 3.433987
1 3.286534 0.3700935 0.05233645 0.1345794 0 6 2.753661 0 16.51351 0.0155 3.433987
1 4.338597 0.1187990 0.05221932 0.1070496 0 9 3.83298 1 17.55318 -0.0019 3.433987
1 4.53903 0.1623932 0.05448718 0.1228632 0 8.88 4.972587 0 16.99356 0.0086 3.433987
1 4.240607 0.06911447 0.0475162 0.08639309 0 8.75 4.178992 1 17.17415 0.0058 3.433987
1 3.723281 0.04347826 0.06038647 0.1135266 0 6.38 4.309456 0 16.64872 0.0166 3.433987
1 2.541602 0.2362205 0.007874016 0.04724409 0 2 2.332144 1 15.20180 0.0148 3.433987
1 3.871201 0.1833333 0.0625 0.1645833 0 8.5 3.437208 1 16.86003 0.0148 3.433987
1 4.590057 0.03857868 0.05076142 0.1055838 0 8.88 5.180659 1 17.25593 0.0058 3.433987
1 3.226447 0.01587932 0.05557761 0.1071854 0 6.63 3.299534 1 16.11710 -0.0269 3.178054
1 4.772378 0.3595601 0.04399323 0.07106599 0 8.75 4.35927 1 17.04631 -0.016 3.178054
1 2.440171 0.1220044 -0.05228758 0.09586057 0 0 2.208274 1 15.29142 -0.0448 3.178054
1 2.272126 0.03092784 0.06185567 0.08247423 0 6.5 2.312535 0 15.42495 0.0905 3.044522
1 2.474435 0.1010526 0.05052632 0.09263158 0 0 1.824549 0 15.55158 -0.0204 3.044522
1 3.439632 0.003207649 0.05773768 0.1154754 0 8.75 3.206803 1 16.62945 0.0079 3.044522
1 4.83866 0.2834521 0.05225653 0.1306413 0 8.5 5.02913 0 17.64415 0.0885 3.044522
1 5.098035 0.3036042 0.03298717 0.08185706 0 8.63 5.426271 1 17.33004 0.0692 3.496508
1 5.761265 0.2649882 0.02706530 0.05696302 0 8.88 5.754792 0 18.51006 0.0692 3.496508
1 2.312535 0.01980198 0.00990099 0.03960396 0 0 1.791759 1 15.31959 0.0987 3.496508
1 4.622814 0.6641776 0.01080762 0.086461 0 7.38 3.597312 0 16.84468 0.0987 3.496508
1 3.577948 0.002793296 0.05586592 0.08659218 0 8.88 2.827314 0 17.07361 0.0819 3.496508
1 3.395179 0.01341382 0.04024145 0.1173709 0 6.63 3.468856 1 16.41226 0.097 3.496508
1 4.021774 0.04480287 0.04301075 0.08422939 0 7 4.034241 1 16.99356 -0.0169 3.367296
1 3.668677 0.005102041 0.08418367 0.1581633 0 8.75 3.974058 1 16.71693 -0.011 3.367296
1 3.811097 0.04424779 0.1747788 0.2477876 0 8.75 4.301359 1 16.61887 -0.0267 3.367296
1 3.627004 0.01595745 0.03457447 0.05851064 0 6 3.144152 1 16.95100 -0.0264 3.367296
1 5.053695 0.1998723 0.06832695 0.1309068 0 9 5.630853 0 17.51681 -0.0267 3.367296
1 5.828357 0.6030018 0.02530901 0.04120071 0 8.5 5.023881 0 17.71748 -0.0084 3.367296
1 4.637637 0.2458858 0.04453049 0.1093901 0 7.38 4.768139 0 17.51928 -0.0298 3.688879
1 3.033750 0.004813478 0.009626955 0.01444043 0 9 2.815409 0 16.54173 -0.0054 3.688879
1 4.093617 0.04670065 0.05337217 0.0934013 0 7.75 4.110874 0 17.60098 -0.019 3.688879
1 4.972587 0.01939058 0.02631579 0.02839335 0 7.38 5.675383 1 17.50439 -0.0054 3.688879
1 2.906901 0.005464481 0.1530055 0.2513661 0 0 2.667228 0 16.38046 -0.0151 3.688879
1 4.296605 0.1524847 0.06262764 0.1225323 0 8.75 4.893352 0 16.74670 -0.0389 3.688879
1 4.281515 0.04284727 -0.03317208 -0.04008293 0 8.88 3.370738 0 17.39206 -0.0077 3.688879
1 3.321432 0.03610108 0.02527076 0.07581227 0 5.63 3.996364 1 15.99026 -0.0258 3.688879
1 4.606669 0.4033949 0.1787319 0.1797304 0 8.75 4.048301 0 17.72853 -9e-04 3.688879
1 4.683981 0.3336414 0.03142329 0.08410351 0 8.75 5.113192 0 17.51681 -0.0213 3.688879
1 4.815561 0.193654 0.05347767 0.1304531 0 8.88 4.87596 1 17.57242 -0.0231 3.688879
1 3.935740 0.3144531 0.0390625 0.1132812 0 6.75 3.960813 1 16.34921 -0.0327 3.688879
1 4.177459 0.2392638 0.0398773 0.09969325 0 7.88 4.251348 0 16.86003 -0.0389 3.688879
1 5.716337 0.2952698 0.02468811 0.06945587 0 9 5.799093 1 18.46842 -0.0345 3.688879
1 6.046899 0.02932829 0.02034059 0.04966887 0 8.75 3.931826 0 17.18968 0.0131 4.248495
1 4.231204 0.1395349 0.08284884 0.09302326 0 8.75 2.906901 1 17.24303 0.0139 4.248495
1 4.894401 0.1130747 0.04867455 0.08686536 0 7.5 4.904534 1 18.01482 0.0173 4.248495
1 5.258016 0.6798542 0.01145237 0.02134305 0 8.75 3.00072 1 17.00599 0.017 4.248495
1 4.783316 0.3355649 0.02845188 0.09874477 0 8.5 5.371568 0 17.12240 0.0334 4.248495
1 3.363842 0.0934256 0.04152249 0.1003460 0 7.75 3.186353 1 16.61887 0.0083 4.248495
1 3.817712 0.1340659 -0.07472527 -0.05494505 0 7.38 3.068053 0 17.04235 0.017 4.248495
1 2.89453 0.06639004 0.02766252 0.04979253 0 6.25 3.144152 0 16.28995 0.0139 4.248495
1 2.332144 0.009708738 0.08737864 0.1359223 0 0 2.261763 0 15.68731 0.0144 4.248495
1 2.646175 0.1489362 0.07801418 0.1560284 0 0 2.714695 0 15.42495 0.009 4.248495
1 4.866765 0.0369515 0.06081601 0.1154734 0 9 5.417877 0 17.90986 0.0116 4.248495
1 4.312141 0.08847185 0.006702413 0.03887399 0 8.88 4.688592 1 16.90655 0.0209 4.248495
1 2.61007 0.01470588 0.05147059 0.08088235 0 0 1.526056 0 15.78959 0.0144 4.248495
1 2.021548 0.0397351 -0.0397351 0.1324503 0 0 1.774952 0 15.28569 0.0144 4.248495
1 3.261935 0.01149425 0.07662835 0.1264368 0 8 2.95491 0 16.52356 -0.0029 3.737670
1 3.414443 0.01644737 0.05921053 0.09868421 0 8.5 3.165475 0 16.70588 0.0073 3.737670
1 3.173878 0.01673640 0.0794979 0.1213389 0 7.88 2.549445 0 16.52356 0.0025 3.737670
1 4.956179 0.7046815 0.02393523 0.1084125 0 5.17 3.985273 1 15.78262 0.0043 3.737670
1 4.722064 0.2731317 0.04181495 0.1316726 0 0 4.850467 1 17.21671 -0.0045 3.332205
1 2.322388 0.07843137 0.06862745 0.1274510 0 6.5 2.014903 0 15.68731 -0.035 3.332205
1 3.778492 0.1234286 0.009142857 0.03885714 0 7.13 3.862833 1 16.57235 -0.0048 3.332205
1 4.241327 0.1741007 0.06618705 0.1323741 0 6 4.587006 0 17.26550 0.0107 3.637586
1 4.74616 0.1102993 0.07121685 0.1406967 0 8.75 5.000585 1 17.52030 0.0025 3.637586
1 2.240710 0.03191489 0.03191489 0.08510638 0 0 2.079442 0 15.20180 0.0513 3.637586
1 2.00148 0.3513514 0.06756757 0.1081081 0 0 2.631889 0 14.50866 0.0373 3.637586
1 4.35799 0.2522407 0.03713188 0.0793854 0 8.83 4.714025 1 16.63689 0.0189 3.637586
1 4.497585 0.0545657 0.01224944 0.06904232 0 7.5 4.289089 1 17.46617 0.0602 3.637586
1 5.009968 0.2588392 0.02001334 0.05070047 0 8.75 4.11578 1 18.00517 0.0012 3.637586
1 3.505557 0.02402402 0.03903904 0.1261261 0 7.38 4.421247 0 16.45457 0.0602 3.637586
1 2.251292 0.03157895 0.0631579 0.08421053 0 4 1.547563 1 15.42495 0.0513 3.637586
1 4.183576 0.1432927 -0.01524390 0.01676829 0 9 3.749504 0 16.75995 0.0216 3.637586
1 5.192957 0.2194444 0.04333333 0.09111111 0 8.75 4.950177 0 17.82647 0.022 2.484907
1 3.561046 0.3835227 -0.05397727 -0.03409091 0 1.5 0.9555114 1 16.64872 -0.0147 3.091042
1 4.521245 0.3273518 -0.03045133 0.01848831 0 8.75 3.449988 1 17.32855 -0.0042 3.091042
1 4.804021 0.0008196721 0.08032787 0.1286885 0 8.75 5.689345 1 17.55318 -0.0094 3.091042
1 4.929425 0.1156905 0.04627621 0.0845987 0 8.75 5.436339 0 17.44782 -0.0047 3.091042
1 4.342506 0.4369311 0.02990897 0.07672302 0 7.63 4.119037 1 16.4182 -0.0082 3.091042
1 2.975530 0.4183673 0.01020408 0.02040816 0 0 2.261763 1 15.60727 -0.0256 3.091042
1 3.850148 0.01489362 0.05531915 0.08297872 0 6.25 4.109233 1 16.83105 0.003 2.833213
1 2.251292 0.1052632 0.02105263 0.03157895 0 2 1.410987 0 15.31959 -0.0139 2.833213
1 6.067036 0.3623088 0.06444135 0.1019935 0 9 6.48326 0 17.86903 -0.0035 2.833213
1 2.287471 0.4873096 0.07106599 0.1218274 0 0 2.442347 1 15.02447 0.0048 2.833213
1 3.337903 0.2272727 0.09232955 0.1526989 0 5.17 4.27944 1 15.63359 -0.0038 2.833213
1 4.354141 0.08097686 0.05141388 0.1079692 0 5 3.569533 0 16.88820 0.0347 2.833213
1 5.155601 0.2647059 0.006343714 0.04786621 0 9 4.027136 1 17.26550 0.0553 2.833213
1 1.783391 0.03361345 -0.08403361 -0.08403361 0 0 -2.302585 0 15.47374 0.0324 2.833213
1 5.730749 0.3857884 0.04088254 0.0743024 0 8.88 5.286245 0 17.90986 0.0147 2.833213
1 4.021774 0.05197133 0.03405018 0.06451613 0 4 4.577799 1 16.48274 0.0464 2.833213
1 3.321432 0.06137184 -0.1444043 -0.1516245 0 8.83 1.722767 0 16.83105 0.0359 2.833213
1 3.511545 0.02686567 0.03880597 0.07462687 0 5.63 4.374498 1 16.11810 0.0488 2.079442
1 5.409859 0.4150268 0.02728086 0.1073345 0 8.75 5.131081 1 17.21671 0.0357 2.079442
1 3.280911 0.3157895 0.007518797 0.04135338 0 3.33 2.867899 0 15.42495 0.0388 2.079442
1 2.949688 0.09424084 -0.09424084 -0.1151832 0 0 0.5306283 0 16.30042 0.0401 2.079442
1 5.409859 0.1923077 0.03801431 0.08273703 0 7 5.659831 1 18.00517 0.0196 3.258097
1 3.042139 0.0477327 -0.01431981 -0.01431981 0 5 1.504077 0 16.26220 0.0134 3.258097
1 3.610918 0.05135135 0.05135135 0.1 0 8.5 3.678829 0 16.91560 0.0201 3.258097
1 4.513055 0.02741228 0.0625 0.1206140 0 9 4.342506 1 17.37086 0.0131 3.258097
1 4.922896 0.01455604 0.04657933 0.05749636 0 0 3.923952 0 18.51599 0.0144 3.258097
1 2.541602 0.3070866 -0.007874016 -0.007874016 0 0 2.091864 0 15.40475 4e-04 3.258097
1 3.734689 0.04537313 0.04298507 0.06925373 0 7.38 3.575151 1 16.56758 0.0201 3.258097
1 3.849768 0.008513872 0.04044089 0.1128088 0 8.88 4.172848 1 16.77469 -0.0176 2.70805
1 4.932313 0.3626532 0.06272531 0.1420332 0 8.88 4.449685 1 17.77632 -0.0137 3.433987
1 3.317816 0.1775362 0.05434783 0.1014493 0 0 4.864453 0 15.76142 -0.0023 3.178054
1 3.39744 0.1237976 0.09368465 0.09703053 0 8.75 2.681022 0 16.82057 -0.0061 3.178054
1 2.694627 0.06756757 0.07432432 0.1486486 0 0 2.753661 1 15.09644 -0.0239 3.135494
1 4.641502 0.01350048 0.03664417 0.05785921 0 8.75 2.660260 0 17.46357 -0.0038 3.135494
1 3.811097 0.4115044 0.03097345 0.09955752 0 5.63 4.172848 0 16.56278 0.0194 3.433987
1 4.225373 0.08040936 -0.007309942 0.04678363 0 9 3.945458 1 17.34774 0.0072 3.433987
1 5.108971 0.3746224 0.01873112 0.08459214 0 8.83 5.062595 1 17.37086 -0.04260201 3.178054
1 4.024012 0.005364327 0.1466249 0.2592758 0 8.75 4.347694 0 17.4298 -0.0268 3.178054
1 4.729156 0.008833922 0.01501767 0.02561837 0 3.33 5.826885 0 16.11810 0.0298 3.044522
1 2.485948 0.03329865 0.04162331 0.08324662 0 4.5 2.687847 0 15.48557 0.0963 3.044522
1 2.99072 0.3216080 0.005025126 0.07035176 0 0 2.778819 1 15.52026 0.103 3.496508
1 4.642466 0.1165703 0.01541426 0.03949904 0 6.75 4.050044 1 17.62217 -0.0138 3.367296
1 2.689037 0.7134364 -0.02717853 -0.02717853 0 0 -1.609438 1 15.07326 -0.009695197 3.367296
1 3.269569 0.04182510 0.08365019 0.1292776 0 6 3.363842 0 16.55635 0.0173 4.248495
1 5.466371 0.3550296 0.03550296 0.09087067 0 9 4.902307 1 18.20501 0.0116 4.248495
1 2.227996 0.2047138 -0.1185185 -0.08619529 0 0 1.098612 0 15.63703 7e-04 3.637586
1 3.443618 0.2971246 0.05750799 0.1150160 0 6 3.182212 0 16.52356 0.0373 3.637586
1 1.960095 0.02816901 0.08450704 0.2253521 0 0 2.687847 0 15.09644 0.0235 2.484907
1 4.11578 0.2544861 0.04241436 0.09298532 0 8.75 3.446808 1 17.31202 -0.0074 3.091042
1 3.194583 0.004098361 0.04098361 0.07377049 0 0 3.190476 1 16.48274 -0.0072 2.833213
1 4.470495 0.0583524 0.0617849 0.104119 0 0 4.675629 1 17.55318 0.0147 2.833213
1 4.139955 0.08598726 0.03503185 0.0589172 0 8.75 4.007333 1 17.20666 0.0495 2.833213
1 4.082609 0.003372681 0.1011804 0.1652614 1 8.88 3.627004 0 17.51928 -0.0645 2.397895
1 3.773335 0.00919012 0.05514072 0.0987938 1 9 3.332205 0 17.10484 -0.0132 2.397895
1 4.606669 0.1667499 0.04892661 0.1347978 1 8.63 4.956531 1 17.09077 -0.057 2.397895
1 4.733563 0.001759015 -0.05364996 -0.06948109 1 8.88 4.38577 1 17.29367 0.014 1.791759
1 3.54746 0.01151908 0.02879770 0.04607631 1 8.88 3.198673 0 16.5834 0.0442 1.791759
1 4.041295 0.2073814 0.07205624 0.08963093 1 8.75 3.88773 1 16.81124 0.0442 1.791759
1 4.212128 0.05185185 0.008888889 0.03407407 1 8.75 4.075841 1 17.28748 0.0104 1.791759
1 3.85651 0.03171247 0.0359408 0.07399577 1 8.88 3.577948 0 16.99356 -0.004 2.70805
1 3.449988 0.006349206 0.05396825 0.08888889 1 8.75 3.696351 0 16.53681 -0.004 2.70805
1 3.819414 0.04168724 0.05704569 0.07459821 1 5.5 3.673766 0 16.82994 5e-04 2.70805
1 4.048301 0.05061082 0.06806283 0.1099476 1 8.75 3.161247 0 17.28125 0.0804 2.564949
1 4.566429 0.06029106 0.1257796 0.2619543 1 8.75 4.635699 1 16.83105 0.0474 2.564949
1 4.441474 0.03651355 0.07184923 0.1107185 1 8.88 3.910021 0 16.67771 0.0862 2.564949
1 3.360375 0.05902778 0.02430556 0.04513889 1 8.88 2.714695 0 16.70588 0.0247 2.833213
1 3.250374 0.01550388 0.0503876 0.07751938 1 8.88 2.879198 0 16.56278 0.0114 2.833213
1 4.312141 0.1501340 0.01608579 0.0536193 1 7.5 3.511545 0 17.26550 0.0114 2.833213
1 4.333361 0.09186352 0.00656168 0.05643045 1 8.88 4.100989 1 16.91109 -0.0203 3.135494
1 3.916015 0.2270916 0.03386454 0.07968127 1 8.75 3.532226 1 16.64872 -0.0081 3.135494
1 3.83298 0.1147186 0.03246753 0.05844156 1 8.88 2.564949 0 16.81124 -0.0552 3.135494
1 3.347269 0.00703606 0.00703606 0.01407212 1 8.88 2.468100 0 16.85646 0.0214 3.135494
1 3.564591 0.04812456 0.0651097 0.1019108 1 8.75 2.653242 0 16.91222 -0.0126 3.135494
1 3.375538 0.003419973 0.1060192 0.1778386 1 9 3.374169 0 16.68568 -0.0525 3.135494
1 5.855072 0.5902579 0.01862464 0.1091691 1 8.88 6.467699 0 17.58597 -0.0216 3.135494
1 3.725693 0.004819277 0.0313253 0.06746988 1 8.75 3.010621 0 16.83105 -0.0722 3.135494
1 3.845883 0.1068376 0.004273504 0.02350427 1 8.75 3.561046 0 17.11135 -0.0081 3.135494
1 5.166499 0.1677125 0.03650884 0.08727895 1 8.63 3.925926 1 18.04962 -0.0092 3.135494
1 5.023881 0.4046053 0.02368421 0.1157895 1 7.38 4.866765 1 16.88820 -0.117 2.564949
1 3.909018 0.07021063 0.07221665 0.1303912 1 8.75 4.131961 0 17.39206 -0.0943 2.564949
1 4.379524 0.05388471 0.07518797 0.1190476 1 8.88 3.577948 0 17.39903 -0.0783 2.564949
1 5.711585 0.1786010 0.03307425 0.07177113 1 8.5 5.976605 1 17.33449 -0.0805 2.397895
1 4.442651 0.05882353 0.0682353 0.1047059 1 9 3.621671 1 17.70733 -0.0533 2.397895
1 1.774952 0.01694915 -0.3898305 -0.4067797 1 0 -1.203973 0 15.09644 0.0785 2.079442
1 4.293195 0.07923497 0.01775956 0.07923497 1 9 3.854394 1 17.52174 0.0165 2.079442
1 3.458598 0.009442157 0.1196007 0.1856958 1 8.75 3.370738 0 16.70435 0.0276 0.6931472
1 3.64545 0.02872063 -0.1122715 -0.1148825 1 8.75 1.360977 0 17.21671 0.064 1.098612
1 4.518522 0.2290076 0.03598691 0.09814613 1 8.88 4.856707 1 16.70588 0.03791231 0.6931472
1 5.89784 0.1367193 0.04722032 0.1111874 1 8.88 5.808743 1 18.1469 0.042 2.302585
1 5.033049 0.1544980 0.0273794 0.0619296 1 8.88 4.342506 0 17.76675 0.0184 2.302585
1 2.003168 0.02698145 -0.2023609 -0.2023609 1 0 -1.203973 0 15.64207 0.0436 2.302585
1 1.609438 0.06 -0.32 -0.36 1 0 -2.302585 0 15.09644 0.0819 2.302585
1 4.144721 0.02377179 0.02535658 0.03169572 1 8.88 4.569543 0 17.12970 0.0375 2.302585
1 4.481872 0.03167421 0.08710407 0.09276018 1 8.75 4.255613 0 17.31202 0.0134 3.091042
1 3.559625 0.1166430 0.0455192 0.07112376 1 8.75 3.475067 0 16.65166 0.0368 3.091042
1 3.613617 0.01886792 0.09433962 0.1563342 1 8.75 3.360375 0 16.96825 0.001 3.091042
1 4.933034 0.1613833 0.0259366 0.09365994 1 8.75 5.336095 1 17.83189 0.0047 3.091042
1 3.541684 0.002896452 -0.09268646 -0.08979 1 8.88 1.840550 0 16.95642 0.0368 3.091042
1 4.034241 0.4761062 0.04955752 0.0920354 1 8.88 4.11741 0 16.77042 4e-04 3.091042
1 3.569533 0.005633803 0.09295775 0.1323944 1 9 3.427515 0 16.90655 0.0263 3.091042
1 1.504077 0.04444444 0.1111111 0.1111111 1 5.17 1.064711 0 14.91412 -0.01519937 3.091042
1 3.487375 0.02140673 -0.1131498 -0.1192661 1 8.75 2.493205 0 16.99356 0.0049 3.091042
1 4.069881 0.04782237 -0.2766866 -0.2988898 1 7 2.014903 0 17.37798 0.0054 3.091042
1 5.332719 0.4618357 0.00821256 0.06908213 1 8.75 5.052417 1 17.40733 0.0042 3.091042
1 4.162003 0.003115265 0.05919003 0.1152648 1 8.75 4.345103 0 17.24950 -0.001 3.091042
1 4.856318 0.05989887 0.0528977 0.06845585 1 9 5.198497 0 17.93047 -0.001 3.091042
1 3.963666 0.001899335 0.1899335 0.317189 1 8.75 3.696351 0 17.26391 0.0049 3.091042
1 3.637586 0.01842105 0.07894737 0.1210526 1 8.75 2.803360 0 17.11135 -0.0194 3.091042
1 3.214868 0.01606426 -0.2369478 -0.2369478 1 8.75 -0.1053605 0 16.81124 0.0053 3.433987
1 4.96964 0.5521792 0.00833478 0.0951554 1 8.75 3.923952 1 17.35284 0.003 3.433987
1 4.529908 0.04420485 0.04851752 0.09595687 1 8.75 4.036009 1 17.90065 -0.005 3.433987
1 3.636533 0.005268706 0.05268706 0.1027398 1 8.75 3.449988 0 16.78900 0.0136 3.433987
1 3.496508 0.05151515 -0.1878788 -0.1878788 1 8.75 -0.6931472 0 16.99356 0.007 3.433987
1 3.824612 0.01527884 0.04583652 0.1004038 1 7.88 4.656813 1 16.72323 0.0154 3.433987
1 3.317816 0.003623188 -0.1521739 -0.1449275 1 9 5.153869 0 16.99356 0.0053 3.433987
1 3.897924 0.006085193 -0.09736308 -0.1217039 1 8.75 1.808289 0 17.37086 0.0028 3.433987
1 3.893859 0.00203666 -0.07739308 -0.0916497 1 7.5 3.222868 0 17.20328 -0.005 3.433987
1 2.076312 0.01253918 -0.3009404 -0.3134796 1 0 0.7419373 0 15.43984 -0.0034 3.433987
1 4.005513 0.001821494 0.1220401 0.1839709 1 8.75 4.666265 0 16.99356 -0.005 3.433987
1 3.517498 0.005934718 -0.1543027 -0.1691395 1 7.75 1.131402 0 16.95100 -0.0023 3.178054
1 3.85651 0.04862579 0.03805497 0.1099366 1 7.38 3.404525 1 16.90655 -2e-04 3.178054
1 4.629985 0.01853433 0.007803926 0.06145592 1 9 5.358 1 17.01061 -0.0023 3.178054
1 3.43095 0.003235618 0.04206303 0.03882741 1 9 3.086487 0 16.82643 0.0146 3.178054
1 4.796617 0.09991742 0.06110652 0.1040462 1 8.5 5.781669 1 17.01418 0.0257 3.178054
1 4.249209 0.2698073 0.07137759 0.1584582 1 7.5 4.155753 0 17.02434 0.0225 3.178054
1 3.983413 0.02234637 0.08007449 0.1191806 1 8.75 3.903991 0 16.86003 0.0146 3.178054
1 3.921973 0.07920792 -0.1148515 -0.1247525 1 8.88 0.4700036 0 17.39903 0.0202 3.178054
1 3.64545 0.09138381 -0.2010444 -0.1958225 1 8.88 0.4054651 0 17.34187 0.0225 3.178054
1 3.960813 0.01714286 0.03809524 0.05714286 1 7.75 3.956996 1 16.90655 0.0314 2.484907
1 4.100989 0.4437086 -0.07450331 -0.001655629 1 8.88 3.462606 1 16.70588 0.0256 2.484907
1 4.227199 0.1736592 -0.122583 -0.1211237 1 7.5 2.839078 0 17.13423 0.0279 2.484907
1 4.784153 0.0986622 -0.03093646 0.04431438 1 9 4.881286 0 17.46617 0.01082074 2.484907
1 3.478158 0.02469136 -0.1944444 -0.2067901 1 8.75 1.589235 0 16.95534 -0.0252 3.135494
1 4.409155 0.01216545 0.07907543 0.1265207 1 8.88 3.713572 0 17.95068 -0.0043 3.135494
1 3.624341 0.04533333 0.064 0.08266667 1 8.75 3.535145 0 16.75467 -0.0035 3.135494
1 3.487375 0.02140673 0.09785933 0.1651376 1 8.88 3.484312 1 16.5881 -0.0029 3.135494
1 3.994524 0.053407 0.05524862 0.1031308 1 8.5 3.964615 1 16.99356 -0.008 3.135494
1 4.314818 0.04679144 0.0895722 0.157754 1 9 4.291828 0 17.58135 -0.0252 3.135494
1 3.848018 0.004264392 0.01492537 0.01492537 1 8.88 1.757858 0 17.29675 0.005 3.433987
1 3.854394 0.3241525 0.1144068 0.2351695 1 7.88 3.655840 1 17.21671 0.0086 3.433987
1 4.183576 0.1737805 -0.007621951 0.009146342 1 8.75 3.720862 1 17.29675 0.0097 3.433987
1 3.306887 0.1098901 0.02197802 0.05860806 1 8.83 2.939162 0 16.48274 -0.0081 3.433987
1 5.792556 0.3513802 0.05459814 0.05642824 1 9 5.78567 0 17.97048 -0.0294 3.178054
1 3.703768 0.05665025 -0.1773399 -0.1305419 1 7.38 1.098612 0 16.81124 0.0229 3.178054
1 3.877432 0.07867495 0.0310559 0.05175983 1 8.88 3.543854 0 17.07361 -0.0448 3.178054
1 3.885679 0.01232033 -0.06160164 -0.06365503 1 9 1.667707 0 17.37086 -0.0177 3.178054
1 3.306887 0.1648352 0.01831502 0.05860806 1 8.88 2.734368 0 16.55635 0.0229 3.178054
1 4.248495 0.005714286 -0.1057143 -0.09571429 1 7.5 4.162003 1 17.63322 -0.022 3.178054
1 4.157319 0.3098592 -0.04538341 -0.02347418 1 8.75 3.165475 0 17.11873 -0.0177 3.178054
1 3.758872 0.02097902 -0.1701632 -0.1724942 1 8.75 0.4054651 0 17.12970 -0.0219 3.044522
1 6.028038 0.1614847 0.04049168 0.1123162 1 8.88 5.9733 0 18.60300 0.0079 3.044522
1 3.731699 0.002395210 0.03832335 0.08383234 1 8.75 4.527209 1 16.60360 0.0963 3.044522
1 4.910447 0.1635962 -0.1039057 -0.08032425 1 8.75 4.215086 1 17.82284 0.068 3.496508
1 5.4773 0.2236622 -0.03135451 0.04180602 1 8.88 6.206374 0 17.71343 0.0819 3.496508
1 4.027136 0.06238859 0.114082 0.1925134 1 8.88 4.00369 0 17.12240 0.0673 3.496508
1 3.091042 0.00909091 -0.1727273 -0.1727273 1 7.75 -0.5108256 0 16.81124 0.0995 3.496508
1 2.580217 0.0530303 -0.1515152 -0.1363636 1 0 1.960095 0 15.76142 0.018 3.496508
1 3.346389 0.05633803 -0.2676056 -0.2676056 1 7.88 1.547563 0 16.92903 0.0876 3.496508
1 4.034241 0.1522124 0.03008850 0.08141593 1 8.75 3.404525 1 16.85046 0.0428 3.496508
1 3.903991 0.03427419 0.04233871 0.06451613 1 9 3.730501 0 16.73328 0.0428 3.496508
1 4.26268 0.01126761 -0.05352113 -0.06619718 1 8.75 0.8329091 0 17.47907 0.0673 3.496508
1 4.512232 0.02633745 0.07133059 0.1119342 1 7.88 4.994506 0 16.66766 0.0048 3.496508
1 4.91852 0.05409357 0.02046784 0.06871345 1 8.5 4.484132 0 17.77632 0.0819 3.496508
1 4.438525 0.08978145 0.08741878 0.1512109 1 8.75 4.317488 1 17.40595 0.0819 3.496508
1 3.543854 0.00867052 -0.1849711 -0.1994220 1 8.83 1.902108 0 16.99356 0.0955 3.496508
1 3.701302 0.02222222 -0.1604938 -0.1604938 1 7.5 -1.609438 0 17.31202 0.0934 3.496508
1 3.758872 0.02097902 -0.1002331 -0.0979021 1 8.75 0.2623643 0 17.31202 0.0819 3.496508
1 3.943522 0.009689922 -0.1414729 -0.1472868 1 8.75 1.974081 0 17.37371 0.0995 3.496508
1 3.360375 0.05555556 -0.3402778 -0.3263889 1 6.38 0.4054651 0 16.99356 -0.0127 3.367296
1 3.951244 0.007692308 0.01346154 0.025 1 8.88 3.653252 0 17.21671 -0.0138 3.367296
1 3.517498 0.008902077 -0.1394659 -0.1364985 1 8.88 -2.302585 0 17.14772 -0.0192 3.367296
1 3.484312 0.006134969 -0.08282209 -0.09509202 1 7.75 1.526056 0 16.99356 -0.0235 3.367296
1 3.430659 0.01941936 0.080914 0.1391721 1 7.88 3.634951 0 16.30017 -0.0159 3.367296
1 4.432007 0.06420927 0.04399524 0.078478 1 9 3.839452 0 17.37086 -0.0149 3.367296
1 3.490429 0.006097561 -0.1128049 -0.1097561 1 9 0.6931472 0 16.99356 -0.011 3.367296
1 3.467297 0.1029641 0.02808112 0.04056162 1 9 3.701302 0 16.71418 -0.0157 3.367296
1 3.688879 0.015 0.0375 0.0575 1 9 3.135494 0 17.12970 -0.0149 3.367296
1 4.550714 0.1890180 0.03590285 0.0781415 1 7.38 3.877432 1 16.90655 -0.0151 3.688879
1 3.540959 0.002898551 0.05507246 0.08405797 1 8.88 3.152736 0 16.81124 -0.0061 3.688879
1 2.757554 0.06344674 0.06344674 1.148386 1 5.17 2.272126 0 15.60079 -0.0258 3.688879
1 4.154185 0.07692308 0.03610675 0.1051805 1 7.88 4.00369 1 17.21671 -0.019 3.688879
1 3.840527 0.01503759 -0.1374866 -0.1353383 1 8.75 -0.3566749 0 17.19139 -0.0258 3.688879
1 4.389499 0.4069479 0.01116625 0.06575682 1 7.75 5.149237 0 17.21671 -0.0143 3.688879
1 3.453157 0.03164557 -0.06962025 -0.07911392 1 7 1.808289 0 16.92903 -0.019 3.688879
1 3.591818 0.07162534 0.08264463 0.1294766 1 6.25 4.237001 0 16.67771 -0.0151 3.688879
1 4.407938 0.1595615 0.02679659 0.06090134 1 0 4.530447 1 17.08887 -0.0094 3.688879
1 3.508556 0.002994012 -0.07185629 -0.0748503 1 8.75 2.397895 0 16.90655 -0.019 3.688879
1 4.005513 0.01821494 0.03278689 0.07103825 1 8.75 4.065602 0 17.12970 0.017 4.248495
1 3.653252 0.01554404 -0.07253886 -0.08031088 1 8.75 1.960095 0 17.14772 0.0116 4.248495
1 4.462454 0.07843137 0.08189158 0.177624 1 8.75 4.471639 1 17.62217 -0.016 4.248495
1 3.356897 0.1184669 -0.1742160 -0.1811847 1 8.83 -0.9162907 0 16.90655 0.0131 4.248495
1 4.656813 0.2003799 0.01329535 0.0617284 1 7.5 4.758749 1 17.31202 0.017 4.248495
1 3.751854 0.2582160 -0.02347418 0.0399061 1 8.75 1.648659 0 17.03439 0.0113 4.248495
1 2.561096 0.06177606 0.007722008 0.02316602 1 4.5 1.960095 0 15.98456 0.0083 4.248495
1 4.329417 0.0171278 0.05797101 0.06060606 1 8.88 3.214868 0 17.7629 0.0131 4.248495
1 3.453157 0.01265823 -0.03164557 -0.03164557 1 8.75 2.809403 0 16.92903 0.0083 4.248495
1 4.198705 0.02702703 0.05855856 0.1006006 1 8.75 4.497585 0 17.12970 0.0261 4.248495
1 4.312141 0.01340483 0.03619303 0.0536193 1 7.5 4.055257 0 17.16541 0.0261 4.248495
1 3.303217 0.01102941 -0.09558823 -0.0992647 1 7.88 0.9162907 0 16.97251 0.0114 4.248495
1 3.342862 0.01766784 0.07067138 0.1236749 1 9 2.631889 0 16.80119 0.0083 4.248495
1 4.207673 0.07291667 0.05357143 0.0952381 1 8.75 3.54674 0 17.39903 0.009 4.248495
1 4.924351 0.3132267 0.02979651 0.09156977 1 7.88 5.156178 0 17.50439 0.0025 3.737670
1 3.342862 0.01413428 -0.1236749 -0.1166078 1 6.67 -1.609438 0 17.07361 0.009 3.737670
1 4.166665 0.1069767 0.1333333 0.1612403 1 8.75 3.575151 0 17.16541 0.0043 3.737670
1 3.670206 0.002547122 0.02801834 0.04330107 1 8.75 2.960105 0 17.19173 -0.0061 3.737670
1 3.130045 0.03934426 -0.01311475 -0.008743169 1 0 2.549445 0 16.64134 0.0495 3.737670
1 4.962495 0.301504 0.01958727 0.0741518 1 8.5 4.100989 1 17.51062 0.0269 3.737670
1 3.754199 0.01639344 0.0796253 0.1147541 1 9 3.964615 0 16.78593 0.009 3.737670
1 4.069027 0.003418803 0.06495727 0.1094017 1 4.88 4.092677 0 17.09642 0.0025 3.737670
1 3.889777 0.03271984 -0.03680982 -0.03271984 1 7.5 3.226844 0 17.31202 0.0025 3.737670
1 4.345103 0.2023346 0.03501946 0.1024643 1 7.75 3.797734 1 17.21337 0.0025 3.737670
1 3.206803 0.02834008 -0.3603239 -0.3643725 1 0 0.4054651 0 16.5881 -0.0102 3.332205
1 3.446808 0.1496815 0.05732484 0.1019108 1 0 3.091042 0 16.44018 -0.0289 3.332205
1 3.610918 0.03243243 0.06756757 0.1054054 1 8 3.648057 1 16.70588 -0.0315 3.332205
1 4.092677 0.1986644 0.05342237 0.0851419 1 7.13 4.479607 1 16.64282 -0.0315 3.332205
1 3.526361 0.00882353 0.01176471 0.02058824 1 8.75 2.714695 1 16.95534 -0.0083 3.332205
1 4.524448 0.03469023 0.02710174 0.0639601 1 8.75 3.572346 1 17.32242 -0.0083 3.332205
1 3.490429 0.003048780 0.02134146 0.03353659 1 9 2.821379 1 16.95534 -0.0102 3.332205
1 4.469007 0.01260456 0.06646041 0.1111493 1 8.75 4.670021 0 17.19548 0.0383 3.637586
1 3.261935 0.01532567 0.09578544 0.1609195 1 7.63 3.538057 1 16.48274 0.0466 3.637586
1 3.104587 0.004484305 0.07174888 0.1031390 1 7.88 2.701361 0 16.53681 0.0098 3.637586
1 3.704999 0.1672817 0.007380074 0.03444034 1 0 4.978112 0 15.90118 0.0602 3.637586
1 2.687847 0.01360544 -0.1700680 -0.1836735 1 7 1.029619 0 16.01274 0.0061 3.637586
1 3.852804 0.02122016 0.02122016 0.01697613 1 8.75 3.768153 0 16.84201 0.0012 3.637586
1 4.573680 0.09391125 0.007223942 0.04231166 1 8.75 5.742683 0 17.21671 0.0098 3.637586
1 5.157675 0.02359576 0.02186924 0.0621547 1 9 5.017942 1 18.07904 0.0117 2.484907
1 2.970414 0.005128205 0.08205128 0.08717949 1 7 2.415914 0 16.51014 -0.0147 3.091042
1 3.417727 0.02622951 0.07540984 0.1180328 1 5.63 3.077312 0 16.70588 -0.0256 3.091042
1 3.927896 0.02755906 -0.01574803 -0.005905512 1 8.75 3.292126 0 17.31202 -0.0027 3.091042
1 3.250374 0.007751938 0.03488372 0.01550388 1 9 2.766319 0 16.75467 -0.0156 2.833213
1 4.751001 0.2152118 0.05790838 0.1132239 1 8.75 4.774069 1 16.72786 0.0048 2.833213
1 2.322388 0.0882353 0.04901961 0.0882353 1 4 2.302585 0 15.52026 0.0386 2.833213
1 3.427515 0.06168831 0.04220779 0.08116883 1 8.88 3.484312 0 16.52356 0.0324 2.833213
1 4.021774 0.2007168 0.0734767 0.1218638 1 9 3.332205 0 17.37371 0.0385 2.833213
1 4.384524 0.1533666 0.1483791 0.2256858 1 8.88 4.273884 0 17.51681 0.0418 2.833213
1 3.471966 0.05590062 -0.1180124 -0.121118 1 9 1.974081 0 16.90655 0.0164 3.258097
1 4.525044 0.1668472 0.0184182 0.05850488 1 8.75 3.086487 1 17.21337 0.0122 3.258097
1 3.758872 0.03263403 0.04195804 0.05594406 1 8.88 3.490429 0 16.81124 -0.002 3.258097
1 2.00148 0.01351351 -0.2972973 -0.2702703 1 0 0.8329091 1 15.60727 0.01 3.258097
1 4.268298 0.3193277 0.01540616 0.07002801 1 6 3.951244 1 16.99356 0.0221 3.258097
1 3.496508 0.00909091 0.02121212 0.02424242 1 8.88 2.653242 0 17.12970 0.0122 3.258097
1 5.167639 0.2541311 0.01481481 0.05242165 1 8.88 3.985273 1 17.72753 0.06240538 2.564949
1 4.249923 0.2995720 -0.02995720 0.007132668 1 8.88 2.549445 1 17.03439 0.0214 3.135494
1 4.18205 0.2946565 0.04122137 0.08244275 1 7.17 4.188138 1 16.4182 -0.112 2.564949
1 4.127134 0.01290323 -0.1096774 -0.1274194 1 9 1.163151 0 17.62217 0.001 3.091042
1 5.031744 0.2650131 0.02219321 0.1546997 1 8.75 4.645352 1 17.47907 0.0213 3.091042
1 3.233764 0.03546798 -0.1694581 -0.1655172 1 8.75 -0.9162907 0 16.87773 0.0094 3.135494
1 4.00369 0.2645985 -0.4343066 -0.3339416 1 7.5 0.6418539 0 17.50439 0.0187 3.433987
1 4.40391 0.4965146 0.1259631 0.1051730 1 5.5 3.437208 1 17.46799 0.0298 3.044522
1 1.902108 0.01492537 0.04477612 0.08955224 1 0 2.091864 0 15.68731 0.1166 3.044522
1 4.351567 0.1752577 0.01417526 0.05927835 1 8.75 3.292126 0 17.07361 0.0963 3.044522
1 4.730921 0.313933 0.007054674 0.0361552 1 8.88 4.48074 0 17.21671 0.1027 3.044522
1 3.306887 0.003663004 -0.1172161 -0.1135531 1 7.88 -1.609438 0 16.80119 0.0819 3.496508
1 3.505557 0.01201201 -0.1561562 -0.1561562 1 0 0.09531018 0 17.13333 -0.0157 3.367296
1 3.910021 0.01803607 -0.4509018 -0.4509018 1 8.83 -0.1053605 0 17.21671 -0.0327 3.688879
1 3.795489 0.01348315 -0.1078652 -0.1078652 1 8.88 -1.203973 0 17.21671 0.0168 4.248495
1 3.971235 0.1168709 0.04901037 0.09048068 1 8.88 4.032469 0 16.74670 0.0317 4.248495
1 4.330733 0.1552632 0.05657895 0.09473684 1 9 4.817859 1 17.25593 0.0116 4.248495
1 4.088494 0.01844091 -0.05532272 -0.0402347 1 8.75 3.508556 1 17.20834 0.0602 3.637586
1 3.825375 0.02181025 0.0348964 0.03707743 1 8.88 3.258097 0 17.22501 -0.0104 3.091042
1 4.122284 0.004862237 -0.03079416 -0.02755267 1 8.75 3.708682 1 17.21671 0.0102 2.833213
1 3.931826 0.009803922 -0.1176471 -0.1176471 1 6.67 -0.9162907 0 17.37086 0.0164 3.258097
